  -1.0000000e+01   3.6176652e-02
  -9.9600000e+00   3.7246913e-02
  -9.9200000e+00   3.8342396e-02
  -9.8800000e+00   3.9489608e-02
  -9.8400000e+00   4.0692065e-02
  -9.8000000e+00   4.1923553e-02
  -9.7600000e+00   4.3245964e-02
  -9.7200000e+00   4.4601542e-02
  -9.6800000e+00   4.6027161e-02
  -9.6400000e+00   4.7524323e-02
  -9.6000000e+00   4.9061938e-02
  -9.5600000e+00   5.0719063e-02
  -9.5200000e+00   5.2420588e-02
  -9.4800000e+00   5.4218656e-02
  -9.4400000e+00   5.6111108e-02
  -9.4000000e+00   5.8060902e-02
  -9.3600000e+00   6.0170910e-02
  -9.3200000e+00   6.2341567e-02
  -9.2800000e+00   6.4648033e-02
  -9.2400000e+00   6.7081674e-02
  -9.2000000e+00   6.9598225e-02
  -9.1600000e+00   7.2334446e-02
  -9.1200000e+00   7.5155433e-02
  -9.0800000e+00   7.8171972e-02
  -9.0400000e+00   8.1364066e-02
  -9.0000000e+00   8.4678847e-02
  -8.9600000e+00   8.8302700e-02
  -8.9200000e+00   9.2048185e-02
  -8.8800000e+00   9.6082928e-02
  -8.8400000e+00   1.0036688e-01
  -8.8000000e+00   1.0483739e-01
  -8.7600000e+00   1.0975596e-01
  -8.7200000e+00   1.1485447e-01
  -8.6800000e+00   1.2039447e-01
  -8.6400000e+00   1.2630003e-01
  -8.6000000e+00   1.3249848e-01
  -8.5600000e+00   1.3936972e-01
  -8.5200000e+00   1.4651684e-01
  -8.4800000e+00   1.5436327e-01
  -8.4400000e+00   1.6276718e-01
  -8.4000000e+00   1.7164892e-01
  -8.3600000e+00   1.8158424e-01
  -8.3200000e+00   1.9196103e-01
  -8.2800000e+00   2.0349619e-01
  -8.2400000e+00   2.1592281e-01
  -8.2000000e+00   2.2916662e-01
  -8.1600000e+00   2.4414790e-01
  -8.1200000e+00   2.5987420e-01
  -8.0800000e+00   2.7762981e-01
  -8.0400000e+00   2.9690001e-01
  -8.0000000e+00   3.1765470e-01
  -7.9600000e+00   3.4147449e-01
  -7.9200000e+00   3.6664253e-01
  -7.8800000e+00   3.9564240e-01
  -7.8400000e+00   4.2744026e-01
  -7.8000000e+00   4.6217024e-01
  -7.7600000e+00   5.0285421e-01
  -7.7200000e+00   5.4623901e-01
  -7.6800000e+00   5.9771310e-01
  -7.6400000e+00   6.5507484e-01
  -7.6000000e+00   7.1903408e-01
  -7.5600000e+00   7.9650814e-01
  -7.5200000e+00   8.8037239e-01
  -7.4800000e+00   9.8482357e-01
  -7.4400000e+00   1.1047763e+00
  -7.4000000e+00   1.2433082e+00
  -7.3600000e+00   1.4220037e+00
  -7.3200000e+00   1.6207876e+00
  -7.2800000e+00   1.8915665e+00
  -7.2400000e+00   2.2210092e+00
  -7.2000000e+00   2.6256847e+00
  -7.1600000e+00   3.2075558e+00
  -7.1200000e+00   3.8819182e+00
  -7.0800000e+00   4.9272299e+00
  -7.0400000e+00   6.2669948e+00
  -7.0000000e+00   8.0110488e+00
  -6.9600000e+00   1.0473284e+01
  -6.9200000e+00   1.3204660e+01
  -6.8800000e+00   1.6280176e+01
  -6.8400000e+00   1.8583408e+01
  -6.8000000e+00   1.9750550e+01
  -6.7600000e+00   1.8624068e+01
  -6.7200000e+00   1.6595449e+01
  -6.6800000e+00   1.3563320e+01
  -6.6400000e+00   1.0817204e+01
  -6.6000000e+00   8.5222997e+00
  -6.5600000e+00   6.8759384e+00
  -6.5200000e+00   5.5129026e+00
  -6.4800000e+00   4.7158535e+00
  -6.4400000e+00   4.0434875e+00
  -6.4000000e+00   3.5822964e+00
  -6.3600000e+00   3.2516011e+00
  -6.3200000e+00   2.9799167e+00
  -6.2800000e+00   2.8106860e+00
  -6.2400000e+00   2.6630278e+00
  -6.2000000e+00   2.5546477e+00
  -6.1600000e+00   2.4711034e+00
  -6.1200000e+00   2.3993549e+00
  -6.0800000e+00   2.3503129e+00
  -6.0400000e+00   2.3064985e+00
  -6.0000000e+00   2.2729324e+00
  -5.9600000e+00   2.2467355e+00
  -5.9200000e+00   2.2242417e+00
  -5.8800000e+00   2.2096900e+00
  -5.8400000e+00   2.1969247e+00
  -5.8000000e+00   2.1878238e+00
  -5.7600000e+00   2.1807286e+00
  -5.7200000e+00   2.1747188e+00
  -5.6800000e+00   2.1699644e+00
  -5.6400000e+00   2.1653222e+00
  -5.6000000e+00   2.1608677e+00
  -5.5600000e+00   2.1564992e+00
  -5.5200000e+00   2.1521807e+00
  -5.4800000e+00   2.1484873e+00
  -5.4400000e+00   2.1452044e+00
  -5.4000000e+00   2.1428735e+00
  -5.3600000e+00   2.1415819e+00
  -5.3200000e+00   2.1409398e+00
  -5.2800000e+00   2.1416384e+00
  -5.2400000e+00   2.1425792e+00
  -5.2000000e+00   2.1439541e+00
  -5.1600000e+00   2.1450775e+00
  -5.1200000e+00   2.1460322e+00
  -5.0800000e+00   2.1459310e+00
  -5.0400000e+00   2.1454360e+00
  -5.0000000e+00   2.1440317e+00
  -4.9600000e+00   2.1422540e+00
  -4.9200000e+00   2.1402079e+00
  -4.8800000e+00   2.1384077e+00
  -4.8400000e+00   2.1368757e+00
  -4.8000000e+00   2.1361264e+00
  -4.7600000e+00   2.1360687e+00
  -4.7200000e+00   2.1365430e+00
  -4.6800000e+00   2.1376858e+00
  -4.6400000e+00   2.1388726e+00
  -4.6000000e+00   2.1399316e+00
  -4.5600000e+00   2.1404137e+00
  -4.5200000e+00   2.1404210e+00
  -4.4800000e+00   2.1391478e+00
  -4.4400000e+00   2.1374515e+00
  -4.4000000e+00   2.1348101e+00
  -4.3600000e+00   2.1319640e+00
  -4.3200000e+00   2.1289377e+00
  -4.2800000e+00   2.1263547e+00
  -4.2400000e+00   2.1240380e+00
  -4.2000000e+00   2.1225622e+00
  -4.1600000e+00   2.1215451e+00
  -4.1200000e+00   2.1209598e+00
  -4.0800000e+00   2.1204929e+00
  -4.0400000e+00   2.1199036e+00
  -4.0000000e+00   2.1186109e+00
  -3.9600000e+00   2.1165290e+00
  -3.9200000e+00   2.1136525e+00
  -3.8800000e+00   2.1093644e+00
  -3.8400000e+00   2.1045962e+00
  -3.8000000e+00   2.0988219e+00
  -3.7600000e+00   2.0928869e+00
  -3.7200000e+00   2.0867789e+00
  -3.6800000e+00   2.0809687e+00
  -3.6400000e+00   2.0752975e+00
  -3.6000000e+00   2.0700600e+00
  -3.5600000e+00   2.0647952e+00
  -3.5200000e+00   2.0594987e+00
  -3.4800000e+00   2.0533312e+00
  -3.4400000e+00   2.0466752e+00
  -3.4000000e+00   2.0381166e+00
  -3.3600000e+00   2.0283055e+00
  -3.3200000e+00   2.0169522e+00
  -3.2800000e+00   2.0034446e+00
  -3.2400000e+00   1.9890819e+00
  -3.2000000e+00   1.9727042e+00
  -3.1600000e+00   1.9556234e+00
  -3.1200000e+00   1.9376162e+00
  -3.0800000e+00   1.9185496e+00
  -3.0400000e+00   1.8989885e+00
  -3.0000000e+00   1.8777640e+00
  -2.9600000e+00   1.8553636e+00
  -2.9200000e+00   1.8313035e+00
  -2.8800000e+00   1.8042512e+00
  -2.8400000e+00   1.7758210e+00
  -2.8000000e+00   1.7428891e+00
  -2.7600000e+00   1.7080441e+00
  -2.7200000e+00   1.6703052e+00
  -2.6800000e+00   1.6298322e+00
  -2.6400000e+00   1.5882231e+00
  -2.6000000e+00   1.5447941e+00
  -2.5600000e+00   1.5014726e+00
  -2.5200000e+00   1.4583253e+00
  -2.4800000e+00   1.4168451e+00
  -2.4400000e+00   1.3761927e+00
  -2.4000000e+00   1.3393037e+00
  -2.3600000e+00   1.3041517e+00
  -2.3200000e+00   1.2720274e+00
  -2.2800000e+00   1.2433137e+00
  -2.2400000e+00   1.2162069e+00
  -2.2000000e+00   1.1935427e+00
  -2.1600000e+00   1.1722019e+00
  -2.1200000e+00   1.1533423e+00
  -2.0800000e+00   1.1364938e+00
  -2.0400000e+00   1.1206185e+00
  -2.0000000e+00   1.1069898e+00
  -1.9600000e+00   1.0939450e+00
  -1.9200000e+00   1.0820802e+00
  -1.8800000e+00   1.0712262e+00
  -1.8400000e+00   1.0608954e+00
  -1.8000000e+00   1.0520441e+00
  -1.7600000e+00   1.0436959e+00
  -1.7200000e+00   1.0364013e+00
  -1.6800000e+00   1.0300804e+00
  -1.6400000e+00   1.0243022e+00
  -1.6000000e+00   1.0198345e+00
  -1.5600000e+00   1.0157130e+00
  -1.5200000e+00   1.0123123e+00
  -1.4800000e+00   1.0092883e+00
  -1.4400000e+00   1.0064900e+00
  -1.4000000e+00   1.0038733e+00
  -1.3600000e+00   1.0012400e+00
  -1.3200000e+00   9.9854101e-01
  -1.2800000e+00   9.9574064e-01
  -1.2400000e+00   9.9287507e-01
  -1.2000000e+00   9.8997842e-01
  -1.1600000e+00   9.8714179e-01
  -1.1200000e+00   9.8447822e-01
  -1.0800000e+00   9.8212075e-01
  -1.0400000e+00   9.7997428e-01
  -1.0000000e+00   9.7846271e-01
  -9.6000000e-01   9.7717420e-01
  -9.2000000e-01   9.7639539e-01
  -8.8000000e-01   9.7588895e-01
  -8.4000000e-01   9.7558361e-01
  -8.0000000e-01   9.7541184e-01
  -7.6000000e-01   9.7521250e-01
  -7.2000000e-01   9.7487348e-01
  -6.8000000e-01   9.7431467e-01
  -6.4000000e-01   9.7358215e-01
  -6.0000000e-01   9.7248615e-01
  -5.6000000e-01   9.7129451e-01
  -5.2000000e-01   9.6992291e-01
  -4.8000000e-01   9.6859248e-01
  -4.4000000e-01   9.6729685e-01
  -4.0000000e-01   9.6633522e-01
  -3.6000000e-01   9.6553719e-01
  -3.2000000e-01   9.6520087e-01
  -2.8000000e-01   9.6516647e-01
  -2.4000000e-01   9.6540514e-01
  -2.0000000e-01   9.6596963e-01
  -1.6000000e-01   9.6660270e-01
  -1.2000000e-01   9.6729181e-01
  -8.0000000e-02   9.6785547e-01
  -4.0000000e-02   9.6829780e-01
   0.0000000e+00   9.6837029e-01
   4.0000000e-02   9.6829780e-01
   8.0000000e-02   9.6785547e-01
   1.2000000e-01   9.6729181e-01
   1.6000000e-01   9.6660270e-01
   2.0000000e-01   9.6596963e-01
   2.4000000e-01   9.6540514e-01
   2.8000000e-01   9.6516647e-01
   3.2000000e-01   9.6520087e-01
   3.6000000e-01   9.6553719e-01
   4.0000000e-01   9.6633522e-01
   4.4000000e-01   9.6729685e-01
   4.8000000e-01   9.6859248e-01
   5.2000000e-01   9.6992291e-01
   5.6000000e-01   9.7129451e-01
   6.0000000e-01   9.7248615e-01
   6.4000000e-01   9.7358215e-01
   6.8000000e-01   9.7431467e-01
   7.2000000e-01   9.7487348e-01
   7.6000000e-01   9.7521250e-01
   8.0000000e-01   9.7541184e-01
   8.4000000e-01   9.7558361e-01
   8.8000000e-01   9.7588895e-01
   9.2000000e-01   9.7639539e-01
   9.6000000e-01   9.7717420e-01
   1.0000000e+00   9.7846271e-01
   1.0400000e+00   9.7997428e-01
   1.0800000e+00   9.8212075e-01
   1.1200000e+00   9.8447822e-01
   1.1600000e+00   9.8714179e-01
   1.2000000e+00   9.8997842e-01
   1.2400000e+00   9.9287507e-01
   1.2800000e+00   9.9574064e-01
   1.3200000e+00   9.9854101e-01
   1.3600000e+00   1.0012400e+00
   1.4000000e+00   1.0038733e+00
   1.4400000e+00   1.0064900e+00
   1.4800000e+00   1.0092883e+00
   1.5200000e+00   1.0123123e+00
   1.5600000e+00   1.0157130e+00
   1.6000000e+00   1.0198345e+00
   1.6400000e+00   1.0243022e+00
   1.6800000e+00   1.0300804e+00
   1.7200000e+00   1.0364013e+00
   1.7600000e+00   1.0436959e+00
   1.8000000e+00   1.0520441e+00
   1.8400000e+00   1.0608954e+00
   1.8800000e+00   1.0712262e+00
   1.9200000e+00   1.0820802e+00
   1.9600000e+00   1.0939450e+00
   2.0000000e+00   1.1069898e+00
   2.0400000e+00   1.1206185e+00
   2.0800000e+00   1.1364938e+00
   2.1200000e+00   1.1533423e+00
   2.1600000e+00   1.1722019e+00
   2.2000000e+00   1.1935427e+00
   2.2400000e+00   1.2162069e+00
   2.2800000e+00   1.2433137e+00
   2.3200000e+00   1.2720274e+00
   2.3600000e+00   1.3041517e+00
   2.4000000e+00   1.3393037e+00
   2.4400000e+00   1.3761927e+00
   2.4800000e+00   1.4168451e+00
   2.5200000e+00   1.4583253e+00
   2.5600000e+00   1.5014726e+00
   2.6000000e+00   1.5447941e+00
   2.6400000e+00   1.5882231e+00
   2.6800000e+00   1.6298322e+00
   2.7200000e+00   1.6703052e+00
   2.7600000e+00   1.7080441e+00
   2.8000000e+00   1.7428891e+00
   2.8400000e+00   1.7758210e+00
   2.8800000e+00   1.8042512e+00
   2.9200000e+00   1.8313035e+00
   2.9600000e+00   1.8553636e+00
   3.0000000e+00   1.8777640e+00
   3.0400000e+00   1.8989885e+00
   3.0800000e+00   1.9185496e+00
   3.1200000e+00   1.9376162e+00
   3.1600000e+00   1.9556234e+00
   3.2000000e+00   1.9727042e+00
   3.2400000e+00   1.9890819e+00
   3.2800000e+00   2.0034446e+00
   3.3200000e+00   2.0169522e+00
   3.3600000e+00   2.0283055e+00
   3.4000000e+00   2.0381166e+00
   3.4400000e+00   2.0466752e+00
   3.4800000e+00   2.0533312e+00
   3.5200000e+00   2.0594987e+00
   3.5600000e+00   2.0647952e+00
   3.6000000e+00   2.0700600e+00
   3.6400000e+00   2.0752975e+00
   3.6800000e+00   2.0809687e+00
   3.7200000e+00   2.0867789e+00
   3.7600000e+00   2.0928869e+00
   3.8000000e+00   2.0988219e+00
   3.8400000e+00   2.1045962e+00
   3.8800000e+00   2.1093644e+00
   3.9200000e+00   2.1136525e+00
   3.9600000e+00   2.1165290e+00
   4.0000000e+00   2.1186109e+00
   4.0400000e+00   2.1199036e+00
   4.0800000e+00   2.1204929e+00
   4.1200000e+00   2.1209598e+00
   4.1600000e+00   2.1215451e+00
   4.2000000e+00   2.1225622e+00
   4.2400000e+00   2.1240380e+00
   4.2800000e+00   2.1263547e+00
   4.3200000e+00   2.1289377e+00
   4.3600000e+00   2.1319640e+00
   4.4000000e+00   2.1348101e+00
   4.4400000e+00   2.1374515e+00
   4.4800000e+00   2.1391478e+00
   4.5200000e+00   2.1404210e+00
   4.5600000e+00   2.1404137e+00
   4.6000000e+00   2.1399316e+00
   4.6400000e+00   2.1388726e+00
   4.6800000e+00   2.1376858e+00
   4.7200000e+00   2.1365430e+00
   4.7600000e+00   2.1360687e+00
   4.8000000e+00   2.1361264e+00
   4.8400000e+00   2.1368757e+00
   4.8800000e+00   2.1384077e+00
   4.9200000e+00   2.1402079e+00
   4.9600000e+00   2.1422540e+00
   5.0000000e+00   2.1440317e+00
   5.0400000e+00   2.1454360e+00
   5.0800000e+00   2.1459310e+00
   5.1200000e+00   2.1460322e+00
   5.1600000e+00   2.1450775e+00
   5.2000000e+00   2.1439541e+00
   5.2400000e+00   2.1425792e+00
   5.2800000e+00   2.1416384e+00
   5.3200000e+00   2.1409398e+00
   5.3600000e+00   2.1415819e+00
   5.4000000e+00   2.1428735e+00
   5.4400000e+00   2.1452044e+00
   5.4800000e+00   2.1484873e+00
   5.5200000e+00   2.1521807e+00
   5.5600000e+00   2.1564992e+00
   5.6000000e+00   2.1608677e+00
   5.6400000e+00   2.1653222e+00
   5.6800000e+00   2.1699644e+00
   5.7200000e+00   2.1747188e+00
   5.7600000e+00   2.1807286e+00
   5.8000000e+00   2.1878238e+00
   5.8400000e+00   2.1969247e+00
   5.8800000e+00   2.2096900e+00
   5.9200000e+00   2.2242417e+00
   5.9600000e+00   2.2467355e+00
   6.0000000e+00   2.2729324e+00
   6.0400000e+00   2.3064985e+00
   6.0800000e+00   2.3503129e+00
   6.1200000e+00   2.3993549e+00
   6.1600000e+00   2.4711034e+00
   6.2000000e+00   2.5546477e+00
   6.2400000e+00   2.6630278e+00
   6.2800000e+00   2.8106860e+00
   6.3200000e+00   2.9799167e+00
   6.3600000e+00   3.2516011e+00
   6.4000000e+00   3.5822964e+00
   6.4400000e+00   4.0434875e+00
   6.4800000e+00   4.7158535e+00
   6.5200000e+00   5.5129026e+00
   6.5600000e+00   6.8759384e+00
   6.6000000e+00   8.5222997e+00
   6.6400000e+00   1.0817204e+01
   6.6800000e+00   1.3563320e+01
   6.7200000e+00   1.6595449e+01
   6.7600000e+00   1.8624068e+01
   6.8000000e+00   1.9750550e+01
   6.8400000e+00   1.8583408e+01
   6.8800000e+00   1.6280176e+01
   6.9200000e+00   1.3204660e+01
   6.9600000e+00   1.0473284e+01
   7.0000000e+00   8.0110488e+00
   7.0400000e+00   6.2669948e+00
   7.0800000e+00   4.9272299e+00
   7.1200000e+00   3.8819182e+00
   7.1600000e+00   3.2075558e+00
   7.2000000e+00   2.6256847e+00
   7.2400000e+00   2.2210092e+00
   7.2800000e+00   1.8915665e+00
   7.3200000e+00   1.6207876e+00
   7.3600000e+00   1.4220037e+00
   7.4000000e+00   1.2433082e+00
   7.4400000e+00   1.1047763e+00
   7.4800000e+00   9.8482357e-01
   7.5200000e+00   8.8037239e-01
   7.5600000e+00   7.9650814e-01
   7.6000000e+00   7.1903408e-01
   7.6400000e+00   6.5507484e-01
   7.6800000e+00   5.9771310e-01
   7.7200000e+00   5.4623901e-01
   7.7600000e+00   5.0285421e-01
   7.8000000e+00   4.6217024e-01
   7.8400000e+00   4.2744026e-01
   7.8800000e+00   3.9564240e-01
   7.9200000e+00   3.6664253e-01
   7.9600000e+00   3.4147449e-01
   8.0000000e+00   3.1765470e-01
   8.0400000e+00   2.9690001e-01
   8.0800000e+00   2.7762981e-01
   8.1200000e+00   2.5987420e-01
   8.1600000e+00   2.4414790e-01
   8.2000000e+00   2.2916662e-01
   8.2400000e+00   2.1592281e-01
   8.2800000e+00   2.0349619e-01
   8.3200000e+00   1.9196103e-01
   8.3600000e+00   1.8158424e-01
   8.4000000e+00   1.7164892e-01
   8.4400000e+00   1.6276718e-01
   8.4800000e+00   1.5436327e-01
   8.5200000e+00   1.4651684e-01
   8.5600000e+00   1.3936972e-01
   8.6000000e+00   1.3249848e-01
   8.6400000e+00   1.2630003e-01
   8.6800000e+00   1.2039447e-01
   8.7200000e+00   1.1485447e-01
   8.7600000e+00   1.0975596e-01
   8.8000000e+00   1.0483739e-01
   8.8400000e+00   1.0036688e-01
   8.8800000e+00   9.6082928e-02
   8.9200000e+00   9.2048185e-02
   8.9600000e+00   8.8302700e-02
   9.0000000e+00   8.4678847e-02
   9.0400000e+00   8.1364066e-02
   9.0800000e+00   7.8171972e-02
   9.1200000e+00   7.5155433e-02
   9.1600000e+00   7.2334446e-02
   9.2000000e+00   6.9598225e-02
   9.2400000e+00   6.7081674e-02
   9.2800000e+00   6.4648033e-02
   9.3200000e+00   6.2341567e-02
   9.3600000e+00   6.0170910e-02
   9.4000000e+00   5.8060902e-02
   9.4400000e+00   5.6111108e-02
   9.4800000e+00   5.4218656e-02
   9.5200000e+00   5.2420588e-02
   9.5600000e+00   5.0719063e-02
   9.6000000e+00   4.9061938e-02
   9.6400000e+00   4.7524323e-02
   9.6800000e+00   4.6027161e-02
   9.7200000e+00   4.4601542e-02
   9.7600000e+00   4.3245964e-02
   9.8000000e+00   4.1923553e-02
   9.8400000e+00   4.0692065e-02
   9.8800000e+00   3.9489608e-02
   9.9200000e+00   3.8342396e-02
   9.9600000e+00   3.7246913e-02
   1.0000000e+01   3.6176652e-02
