   2.0071152e+00
   2.2252689e+00
   2.4752462e+00
   2.7578604e+00
   3.0771369e+00
   3.4372843e+00
   3.8425262e+00
   4.2968383e+00
   4.8061763e+00
   5.3738635e+00
   5.9958209e+00
   6.6685202e+00
   7.3843858e+00
   8.1309045e+00
   8.8900393e+00
   9.6344375e+00
   1.0332690e+01
   1.0953460e+01
   1.1465557e+01
   1.1841279e+01
   1.2059299e+01
   1.2102653e+01
   1.1958264e+01
   1.1652476e+01
   1.1204988e+01
   1.0642546e+01
   9.9961782e+00
   9.2981587e+00
   8.5796627e+00
   7.8709780e+00
   7.1929429e+00
   6.5600841e+00
   5.9818190e+00
   5.4632681e+00
   5.0062946e+00
   4.6167275e+00
   4.2846530e+00
   4.0061440e+00
   3.7764933e+00
   3.5903703e+00
   3.4418892e+00
   3.3258064e+00
   3.2346749e+00
   3.1592580e+00
   3.0924230e+00
   3.0274623e+00
   2.9584946e+00
   2.8808334e+00
   2.7899840e+00
   2.6853795e+00
   2.5677659e+00
   2.4390344e+00
   2.3021606e+00
   2.1607960e+00
   2.0189152e+00
   1.8808711e+00
   1.7497195e+00
   1.6278408e+00
   1.5169101e+00
   1.4179614e+00
   1.3314991e+00
   1.2585146e+00
   1.1984062e+00
   1.1501858e+00
   1.1132959e+00
   1.0870708e+00
   1.0707300e+00
   1.0633693e+00
   1.0646074e+00
   1.0720599e+00
   1.0841052e+00
   1.0989156e+00
   1.1145328e+00
   1.1289892e+00
   1.1402351e+00
   1.1465101e+00
   1.1471129e+00
   1.1416930e+00
   1.1305014e+00
   1.1143609e+00
   1.0945813e+00
   1.0728147e+00
   1.0512654e+00
   1.0317775e+00
   1.0159522e+00
   1.0050675e+00
   1.0000000e+00
   1.0013436e+00
   1.0093998e+00
   1.0229771e+00
   1.0410207e+00
   1.0620970e+00
   1.0844851e+00
   1.1063081e+00
   1.1253918e+00
   1.1399474e+00
   1.1488926e+00
   1.1515438e+00
   1.1477977e+00
   1.1381362e+00
   1.1235636e+00
   1.1053419e+00
   1.0857663e+00
   1.0666683e+00
   1.0498000e+00
   1.0367286e+00
   1.0287802e+00
   1.0273822e+00
   1.0336067e+00
   1.0476728e+00
   1.0701306e+00
   1.1014960e+00
   1.1423027e+00
   1.1931480e+00
   1.2558464e+00
   1.3305422e+00
   1.4180753e+00
   1.5197077e+00
   1.6369340e+00
   1.7715099e+00
   1.9260621e+00
   2.1046844e+00
   2.3083977e+00
   2.5403537e+00
   2.8040535e+00
   3.1033162e+00
   3.4422062e+00
   3.8284189e+00
   4.2652054e+00
   4.7540717e+00
   5.2973440e+00
   5.8955678e+00
   6.5466601e+00
   7.2450790e+00
   7.9828070e+00
   8.7375568e+00
   9.4866181e+00
   1.0202376e+01
   1.0853897e+01
   1.1409342e+01
   1.1831275e+01
   1.2090043e+01
   1.2179869e+01
   1.2096244e+01
   1.1845020e+01
   1.1441792e+01
   1.0910258e+01
   1.0273318e+01
   9.5741360e+00
   8.8453933e+00
   8.1143262e+00
   7.4031351e+00
   6.7284306e+00
   6.1029108e+00
   5.5367936e+00
   5.0275749e+00
   4.5746875e+00
   4.1759176e+00
   3.8280722e+00
   3.5274833e+00
   3.2732966e+00
   3.0600465e+00
   2.8826471e+00
   2.7382338e+00
   2.6243767e+00
   2.5390948e+00
   2.4809638e+00
   2.4516231e+00
   2.4475383e+00
   2.4685961e+00
   2.5150921e+00
   2.5877177e+00
   2.6875435e+00
   2.8175382e+00
   2.9801804e+00
   3.1755944e+00
   3.4058813e+00
   3.6730453e+00
   3.9787394e+00
   4.3239272e+00
   4.7121144e+00
   5.1378421e+00
   5.5957553e+00
   6.0785657e+00
   6.5761661e+00
   7.0758690e+00
   7.5623099e+00
   8.0166038e+00
   8.4262266e+00
   8.7802078e+00
   9.0717597e+00
   9.2990817e+00
   9.4655574e+00
   9.5762705e+00
   9.6465755e+00
   9.6922406e+00
   9.7259689e+00
   9.7575027e+00
   9.7920162e+00
   9.8292545e+00
   9.8621797e+00
   9.8798324e+00
   9.8696773e+00
   9.8194961e+00
   9.7194139e+00
   9.5635108e+00
   9.3481758e+00
   9.0785735e+00
   8.7690620e+00
   8.4340272e+00
   8.0901058e+00
   7.7545925e+00
   7.4439720e+00
   7.1778347e+00
   6.9656908e+00
   6.8149444e+00
   6.7309055e+00
   6.7162055e+00
   6.7709238e+00
   6.8943436e+00
   7.0839714e+00
   7.3252128e+00
   7.6063679e+00
   7.9129803e+00
   8.2284173e+00
   8.5349001e+00
   8.8117282e+00
   9.0426897e+00
   9.2182340e+00
   9.3327578e+00
   9.3864331e+00
   9.3852436e+00
   9.3402615e+00
   9.2658837e+00
   9.1846135e+00
   9.1141708e+00
   9.0701172e+00
   9.0642163e+00
   9.1032522e+00
   9.1905385e+00
   9.3205781e+00
   9.4795305e+00
   9.6529469e+00
   9.8245113e+00
   9.9780002e+00
   1.0099251e+01
   1.0173140e+01
   1.0198283e+01
   1.0177404e+01
   1.0117909e+01
   1.0031742e+01
   9.9338819e+00
   9.8410250e+00
   9.7710569e+00
   9.7342748e+00
   9.7366756e+00
   9.7785701e+00
   9.8545662e+00
   9.9542788e+00
   1.0063183e+01
   1.0163037e+01
   1.0238626e+01
   1.0277967e+01
   1.0273496e+01
   1.0222996e+01
   1.0129648e+01
   9.9999529e+00
   9.8519283e+00
   9.7007597e+00
   9.5613301e+00
   9.4461702e+00
   9.3637069e+00
   9.3187664e+00
   9.3076218e+00
   9.3181270e+00
   9.3361611e+00
   9.3450313e+00
   9.3274986e+00
   9.2678492e+00
   9.1475717e+00
   8.9638064e+00
   8.7171234e+00
   8.4127410e+00
   8.0608113e+00
   7.6752411e+00
   7.2721880e+00
   6.8705001e+00
   6.4868148e+00
   6.1343127e+00
   5.8235307e+00
   5.5623322e+00
   5.3561620e+00
   5.2130225e+00
   5.1325800e+00
   5.1125542e+00
   5.1518198e+00
   5.2479422e+00
   5.3969126e+00
   5.5930100e+00
   5.8305351e+00
