   2.0168494e+00
   2.2351527e+00
   2.4852830e+00
   2.7680532e+00
   3.0874889e+00
   3.4477988e+00
   3.8532066e+00
   4.3076880e+00
   4.8171990e+00
   5.3850632e+00
   6.0072012e+00
   6.6800851e+00
   7.3961391e+00
   8.1428503e+00
   8.9021817e+00
   9.6467812e+00
   1.0345240e+01
   1.0966220e+01
   1.1478531e+01
   1.1854474e+01
   1.2072718e+01
   1.2116302e+01
   1.1972149e+01
   1.1666601e+01
   1.1219360e+01
   1.0657170e+01
   1.0011060e+01
   9.3133041e+00
   8.5950785e+00
   7.8866708e+00
   7.2089194e+00
   6.5763510e+00
   5.9983832e+00
   5.4801369e+00
   5.0234753e+00
   4.6342287e+00
   4.3024826e+00
   4.0243100e+00
   3.7950041e+00
   3.6092346e+00
   3.4611158e+00
   3.3454050e+00
   3.2546556e+00
   3.1796307e+00
   3.1131977e+00
   3.0486495e+00
   2.9801051e+00
   2.9028785e+00
   2.8124762e+00
   2.7083310e+00
   2.5911892e+00
   2.4629421e+00
   2.3265661e+00
   2.1857128e+00
   2.0443580e+00
   1.9068559e+00
   1.7762614e+00
   1.6549557e+00
   1.5446142e+00
   1.4462717e+00
   1.3604331e+00
   1.2880918e+00
   1.2286462e+00
   1.1811085e+00
   1.1449214e+00
   1.1194202e+00
   1.1038252e+00
   1.0972331e+00
   1.0992660e+00
   1.1075380e+00
   1.1204284e+00
   1.1361105e+00
   1.1526270e+00
   1.1680114e+00
   1.1802167e+00
   1.1874844e+00
   1.1891124e+00
   1.1847518e+00
   1.1746545e+00
   1.1596453e+00
   1.1410351e+00
   1.1204818e+00
   1.1001887e+00
   1.0820006e+00
   1.0675209e+00
   1.0580293e+00
   1.0544048e+00
   1.0572447e+00
   1.0668566e+00
   1.0820470e+00
   1.1017635e+00
   1.1245754e+00
   1.1487646e+00
   1.1724574e+00
   1.1934882e+00
   1.2100702e+00
   1.2211216e+00
   1.2259627e+00
   1.2244944e+00
   1.2172028e+00
   1.2050972e+00
   1.1894566e+00
   1.1725703e+00
   1.1562754e+00
   1.1423299e+00
   1.1323077e+00
   1.1275415e+00
   1.1294731e+00
   1.1391863e+00
   1.1568990e+00
   1.1831702e+00
   1.2185254e+00
   1.2635084e+00
   1.3187272e+00
   1.3860295e+00
   1.4655575e+00
   1.5581606e+00
   1.6651152e+00
   1.7879318e+00
   1.9283827e+00
   2.0891214e+00
   2.2742842e+00
   2.4848860e+00
   2.7241015e+00
   2.9954568e+00
   3.3027978e+00
   3.6502182e+00
   4.0454826e+00
   4.4918672e+00
   4.9908947e+00
   5.5449326e+00
   6.1545710e+00
   6.8177759e+00
   7.5290613e+00
   8.2805636e+00
   9.0499744e+00
   9.8146547e+00
   1.0547067e+01
   1.1216365e+01
   1.1790801e+01
   1.2233116e+01
   1.2513812e+01
   1.2627153e+01
   1.2568774e+01
   1.2344684e+01
   1.1970653e+01
   1.1470574e+01
   1.0867828e+01
   1.0205661e+01
   9.5169841e+00
   8.8293436e+00
   8.1652892e+00
   7.5418225e+00
   6.9722191e+00
   6.4675790e+00
   6.0255640e+00
   5.6462608e+00
   5.3281966e+00
   5.0690188e+00
   4.8660141e+00
   4.7202472e+00
   4.6273778e+00
   4.5833538e+00
   4.5869854e+00
   4.6377563e+00
   4.7358725e+00
   4.8825089e+00
   5.0851459e+00
   5.3411721e+00
   5.6542965e+00
   6.0291314e+00
   6.4712113e+00
   6.9869884e+00
   7.5883397e+00
   8.2859889e+00
   9.0832995e+00
   9.9890946e+00
   1.1011660e+01
   1.2157877e+01
   1.3432059e+01
   1.4846427e+01
   1.6383357e+01
   1.8024828e+01
   1.9745781e+01
   2.1511205e+01
   2.3276973e+01
   2.4989331e+01
   2.6581914e+01
   2.8011529e+01
   2.9239751e+01
   3.0242724e+01
   3.1013975e+01
   3.1565100e+01
   3.1912978e+01
   3.2111108e+01
   3.2214460e+01
   3.2266856e+01
   3.2301638e+01
   3.2336025e+01
   3.2368026e+01
   3.2370240e+01
   3.2304203e+01
   3.2124359e+01
   3.1786006e+01
   3.1252355e+01
   3.0500130e+01
   2.9512243e+01
   2.8302458e+01
   2.6918834e+01
   2.5407299e+01
   2.3821144e+01
   2.2215451e+01
   2.0641997e+01
   1.9156426e+01
   1.7789736e+01
   1.6562788e+01
   1.5488778e+01
   1.4573055e+01
   1.3814527e+01
   1.3210812e+01
   1.2757650e+01
   1.2426553e+01
   1.2199045e+01
   1.2054048e+01
   1.1968663e+01
   1.1919324e+01
   1.1882686e+01
   1.1835929e+01
   1.1763830e+01
   1.1657203e+01
   1.1513066e+01
   1.1334636e+01
   1.1130645e+01
   1.0914845e+01
   1.0705992e+01
   1.0520241e+01
   1.0371783e+01
   1.0271182e+01
   1.0224167e+01
   1.0233480e+01
   1.0292787e+01
   1.0387065e+01
   1.0501252e+01
   1.0618488e+01
   1.0722068e+01
   1.0797400e+01
   1.0829304e+01
   1.0815733e+01
   1.0759053e+01
   1.0666409e+01
   1.0549510e+01
   1.0423121e+01
   1.0303803e+01
   1.0209357e+01
   1.0149758e+01
   1.0130866e+01
   1.0152869e+01
   1.0210265e+01
   1.0292566e+01
   1.0385232e+01
   1.0469891e+01
   1.0531207e+01
   1.0557131e+01
   1.0540036e+01
   1.0477648e+01
   1.0373100e+01
   1.0232907e+01
   1.0074968e+01
   9.9144305e+00
   9.7661401e+00
   9.6425941e+00
   9.5521888e+00
   9.4997419e+00
   9.4815010e+00
   9.4852696e+00
   9.4969049e+00
   9.4996934e+00
   9.4763768e+00
   9.4112236e+00
   9.2857306e+00
   9.0969995e+00
   8.8455818e+00
   8.5366828e+00
   8.1804423e+00
   7.7907556e+00
   7.3837749e+00
   6.9783468e+00
   6.5910838e+00
   6.2351580e+00
   5.9210980e+00
   5.6567599e+00
   5.4475811e+00
   5.3015664e+00
   5.2183706e+00
   5.1957026e+00
   5.2324316e+00
   5.3261177e+00
   5.4727476e+00
   5.6665960e+00
   5.9019678e+00
