   2.0149026e+00
   2.2331759e+00
   2.4832756e+00
   2.7660146e+00
   3.0854185e+00
   3.4456959e+00
   3.8510705e+00
   4.3055181e+00
   4.8149945e+00
   5.3828233e+00
   6.0049251e+00
   6.6777721e+00
   7.3937884e+00
   8.1404612e+00
   8.8997533e+00
   9.6443125e+00
   1.0342730e+01
   1.0963668e+01
   1.1475936e+01
   1.1851835e+01
   1.2070034e+01
   1.2113572e+01
   1.1969372e+01
   1.1663776e+01
   1.1216486e+01
   1.0654245e+01
   1.0008083e+01
   9.3102750e+00
   8.5919953e+00
   7.8835323e+00
   7.2057241e+00
   6.5730976e+00
   5.9950704e+00
   5.4767631e+00
   5.0200392e+00
   4.6307284e+00
   4.2989167e+00
   4.0206768e+00
   3.7913019e+00
   3.6054617e+00
   3.4572705e+00
   3.3414853e+00
   3.2506594e+00
   3.1755561e+00
   3.1090427e+00
   3.0444120e+00
   2.9757830e+00
   2.8984695e+00
   2.8079778e+00
   2.7037407e+00
   2.5865045e+00
   2.4581606e+00
   2.3216850e+00
   2.1807295e+00
   2.0392694e+00
   1.9016589e+00
   1.7709530e+00
   1.6495327e+00
   1.5390734e+00
   1.4406096e+00
   1.3546463e+00
   1.2821763e+00
   1.2225982e+00
   1.1749239e+00
   1.1385963e+00
   1.1129503e+00
   1.0972062e+00
   1.0904603e+00
   1.0923343e+00
   1.1004424e+00
   1.1131638e+00
   1.1286715e+00
   1.1450081e+00
   1.1602070e+00
   1.1722204e+00
   1.1792895e+00
   1.1807125e+00
   1.1761400e+00
   1.1658239e+00
   1.1505884e+00
   1.1317444e+00
   1.1109484e+00
   1.0904040e+00
   1.0719560e+00
   1.0572072e+00
   1.0474370e+00
   1.0435238e+00
   1.0460645e+00
   1.0553653e+00
   1.0702330e+00
   1.0896150e+00
   1.1120797e+00
   1.1359087e+00
   1.1592275e+00
   1.1798689e+00
   1.1960457e+00
   1.2066758e+00
   1.2110790e+00
   1.2091551e+00
   1.2013895e+00
   1.1887905e+00
   1.1726337e+00
   1.1552095e+00
   1.1383540e+00
   1.1238239e+00
   1.1131919e+00
   1.1077892e+00
   1.1090549e+00
   1.1180704e+00
   1.1350537e+00
   1.1605623e+00
   1.1951195e+00
   1.2392672e+00
   1.2936114e+00
   1.3599928e+00
   1.4385545e+00
   1.5301435e+00
   1.6360337e+00
   1.7577323e+00
   1.8970081e+00
   2.0565096e+00
   2.2403642e+00
   2.4495884e+00
   2.6873519e+00
   2.9571761e+00
   3.2629015e+00
   3.6086158e+00
   4.0020698e+00
   4.4465349e+00
   4.9435301e+00
   5.4954148e+00
   6.1027704e+00
   6.7635527e+00
   7.4722648e+00
   8.2210123e+00
   8.9874909e+00
   9.7490474e+00
   1.0478129e+01
   1.1143871e+01
   1.1714509e+01
   1.2152748e+01
   1.2429058e+01
   1.2537696e+01
   1.2474268e+01
   1.2244751e+01
   1.1864881e+01
   1.1358511e+01
   1.0748926e+01
   1.0079356e+01
   9.3826658e+00
   8.6863399e+00
   8.0128581e+00
   7.3791438e+00
   6.7983571e+00
   6.2814214e+00
   5.8259655e+00
   5.4319455e+00
   5.0977400e+00
   4.8208286e+00
   4.5983069e+00
   4.4308560e+00
   4.3139104e+00
   4.2432112e+00
   4.2172338e+00
   4.2350791e+00
   4.2965158e+00
   4.4021987e+00
   4.5584402e+00
   4.7624444e+00
   5.0171555e+00
   5.3263227e+00
   5.6945119e+00
   6.1270988e+00
   6.6341789e+00
   7.2248267e+00
   7.9017581e+00
   8.6724516e+00
   9.5439365e+00
   1.0522049e+01
   1.1610432e+01
   1.2819565e+01
   1.4134254e+01
   1.5539013e+01
   1.7012338e+01
   1.8524197e+01
   2.0036752e+01
   2.1503927e+01
   2.2868852e+01
   2.4094469e+01
   2.5147842e+01
   2.6008531e+01
   2.6670996e+01
   2.7145192e+01
   2.7445637e+01
   2.7618201e+01
   2.7710016e+01
   2.7758679e+01
   2.7792811e+01
   2.7827223e+01
   2.7860272e+01
   2.7868628e+01
   2.7819329e+01
   2.7673422e+01
   2.7392704e+01
   2.6945767e+01
   2.6312806e+01
   2.5479429e+01
   2.4457681e+01
   2.3288879e+01
   2.2012644e+01
   2.0674936e+01
   1.9323278e+01
   1.8002390e+01
   1.6760705e+01
   1.5624924e+01
   1.4613216e+01
   1.3737200e+01
   1.3001681e+01
   1.2405802e+01
   1.1947514e+01
   1.1622910e+01
   1.1406281e+01
   1.1280506e+01
   1.1225831e+01
   1.1220611e+01
   1.1242438e+01
   1.1268493e+01
   1.1277280e+01
   1.1254710e+01
   1.1192314e+01
   1.1087739e+01
   1.0944757e+01
   1.0772568e+01
   1.0585053e+01
   1.0401716e+01
   1.0239027e+01
   1.0111450e+01
   1.0029789e+01
   9.9999835e+00
   1.0024891e+01
   1.0098345e+01
   1.0205558e+01
   1.0331591e+01
   1.0459693e+01
   1.0573254e+01
   1.0657770e+01
   1.0698071e+01
   1.0692243e+01
   1.0642723e+01
   1.0556709e+01
   1.0445956e+01
   1.0325273e+01
   1.0211247e+01
   1.0121697e+01
   1.0066661e+01
   1.0052028e+01
   1.0078009e+01
   1.0139125e+01
   1.0224909e+01
   1.0320822e+01
   1.0408520e+01
   1.0472691e+01
   1.0501298e+01
   1.0486728e+01
   1.0426717e+01
   1.0324410e+01
   1.0186316e+01
   1.0030360e+01
   9.8716963e+00
   9.7251781e+00
   9.6033093e+00
   9.5144924e+00
   9.4635468e+00
   9.4467251e+00
   9.4518411e+00
   9.4647561e+00
   9.4687610e+00
   9.4466012e+00
   9.3825487e+00
   9.2580988e+00
   9.0703609e+00
   8.8198902e+00
   8.5118945e+00
   8.1565161e+00
   7.7676527e+00
   7.3614575e+00
   6.9567774e+00
   6.5702300e+00
   6.2149890e+00
   5.9015846e+00
   5.6378744e+00
   5.4292973e+00
   5.2838576e+00
   5.2012125e+00
   5.1790729e+00
   5.2163092e+00
   5.3104826e+00
   5.4575806e+00
   5.6518788e+00
   5.8876813e+00
