   2.0090620e+00
   2.2272457e+00
   2.4772536e+00
   2.7598989e+00
   3.0792073e+00
   3.4393872e+00
   3.8446622e+00
   4.2990082e+00
   4.8083808e+00
   5.3761035e+00
   5.9980969e+00
   6.6708332e+00
   7.3867365e+00
   8.1332937e+00
   8.8924678e+00
   9.6369062e+00
   1.0335200e+01
   1.0956012e+01
   1.1468152e+01
   1.1843918e+01
   1.2061983e+01
   1.2105383e+01
   1.1961041e+01
   1.1655301e+01
   1.1207863e+01
   1.0645471e+01
   9.9991545e+00
   9.3011878e+00
   8.5827459e+00
   7.8741166e+00
   7.1961382e+00
   6.5633375e+00
   5.9851318e+00
   5.4666418e+00
   5.0097307e+00
   4.6202277e+00
   4.2882189e+00
   4.0097772e+00
   3.7801955e+00
   3.5941432e+00
   3.4457345e+00
   3.3297261e+00
   3.2386710e+00
   3.1633326e+00
   3.0965779e+00
   3.0316997e+00
   2.9628167e+00
   2.8852424e+00
   2.7944825e+00
   2.6899698e+00
   2.5724506e+00
   2.4438159e+00
   2.3070417e+00
   2.1657793e+00
   2.0240037e+00
   1.8860681e+00
   1.7550279e+00
   1.6332638e+00
   1.5224509e+00
   1.4236234e+00
   1.3372859e+00
   1.2644300e+00
   1.2044542e+00
   1.1563704e+00
   1.1196210e+00
   1.0935407e+00
   1.0773491e+00
   1.0701421e+00
   1.0715391e+00
   1.0791555e+00
   1.0913698e+00
   1.1063546e+00
   1.1221516e+00
   1.1367936e+00
   1.1482314e+00
   1.1547049e+00
   1.1555128e+00
   1.1503048e+00
   1.1393320e+00
   1.1234178e+00
   1.1038721e+00
   1.0823481e+00
   1.0610500e+00
   1.0418221e+00
   1.0262660e+00
   1.0156598e+00
   1.0108810e+00
   1.0125238e+00
   1.0208911e+00
   1.0347911e+00
   1.0531693e+00
   1.0745927e+00
   1.0973410e+00
   1.1195380e+00
   1.1390111e+00
   1.1539719e+00
   1.1633384e+00
   1.1664276e+00
   1.1631371e+00
   1.1539496e+00
   1.1398703e+00
   1.1221648e+00
   1.1031271e+00
   1.0845897e+00
   1.0683060e+00
   1.0558444e+00
   1.0485325e+00
   1.0478003e+00
   1.0547227e+00
   1.0695180e+00
   1.0927385e+00
   1.1249018e+00
   1.1665439e+00
   1.2182639e+00
   1.2818830e+00
   1.3575453e+00
   1.4460924e+00
   1.5487892e+00
   1.6671336e+00
   1.8028844e+00
   1.9586740e+00
   2.1386044e+00
   2.3436954e+00
   2.5771032e+00
   2.8423341e+00
   3.1432125e+00
   3.4838086e+00
   3.8718316e+00
   4.3105378e+00
   4.8014363e+00
   5.3468617e+00
   5.9473684e+00
   6.6008832e+00
   7.3018754e+00
   8.0423583e+00
   8.8000403e+00
   9.5522254e+00
   1.0271314e+01
   1.0926391e+01
   1.1485634e+01
   1.1911643e+01
   1.2174797e+01
   1.2269326e+01
   1.2190750e+01
   1.1944953e+01
   1.1547564e+01
   1.1022321e+01
   1.0392220e+01
   9.7004410e+00
   8.9797113e+00
   8.2573295e+00
   7.5555657e+00
   6.8911086e+00
   6.2767720e+00
   5.7229502e+00
   5.2271720e+00
   4.7890013e+00
   4.4063725e+00
   4.0762604e+00
   3.7951882e+00
   3.5626853e+00
   3.3735112e+00
   3.2227868e+00
   3.1079824e+00
   3.0270509e+00
   2.9784486e+00
   2.9612711e+00
   2.9783260e+00
   3.0262635e+00
   3.1057347e+00
   3.2178986e+00
   3.3644152e+00
   3.5474314e+00
   3.7716976e+00
   4.0413412e+00
   4.3571347e+00
   4.7225234e+00
   5.1407676e+00
   5.6145665e+00
   6.1455532e+00
   6.7389767e+00
   7.3869448e+00
   8.0815697e+00
   8.8120086e+00
   9.5631737e+00
   1.0316090e+01
   1.1047714e+01
   1.1729666e+01
   1.2343287e+01
   1.2872116e+01
   1.3305953e+01
   1.3642060e+01
   1.3885466e+01
   1.4043612e+01
   1.4139482e+01
   1.4196684e+01
   1.4234146e+01
   1.4266330e+01
   1.4300818e+01
   1.4337009e+01
   1.4363792e+01
   1.4364706e+01
   1.4320613e+01
   1.4212798e+01
   1.4026002e+01
   1.3750834e+01
   1.3380989e+01
   1.2923350e+01
   1.2399016e+01
   1.1828680e+01
   1.1236312e+01
   1.0646762e+01
   1.0083574e+01
   9.5735492e+00
   9.1304953e+00
   8.7645079e+00
   8.4824740e+00
   8.2875689e+00
   8.1796378e+00
   8.1576306e+00
   8.2187009e+00
   8.3454752e+00
   8.5248987e+00
   8.7411899e+00
   8.9764634e+00
   9.2117826e+00
   9.4259181e+00
   9.6013362e+00
   9.7273524e+00
   9.7976463e+00
   9.8117592e+00
   9.7751217e+00
   9.6983380e+00
   9.5956759e+00
   9.4888890e+00
   9.3953846e+00
   9.3304503e+00
   9.3056093e+00
   9.3274349e+00
   9.3991266e+00
   9.5150197e+00
   9.6610374e+00
   9.8226079e+00
   9.9833066e+00
   1.0126814e+01
   1.0238880e+01
   1.0304373e+01
   1.0321773e+01
   1.0293734e+01
   1.0227609e+01
   1.0135296e+01
   1.0031730e+01
   9.9335806e+00
   9.8587170e+00
   9.8173714e+00
   9.8155136e+00
   9.8534299e+00
   9.9257059e+00
   1.0021936e+01
   1.0127593e+01
   1.0224408e+01
   1.0297143e+01
   1.0333800e+01
   1.0326804e+01
   1.0273926e+01
   1.0178338e+01
   1.0046544e+01
   9.8965363e+00
   9.7434938e+00
   9.6022921e+00
   9.4854550e+00
   9.4014033e+00
   9.3549615e+00
   9.3423977e+00
   9.3515555e+00
   9.3683098e+00
   9.3759637e+00
   9.3572743e+00
   9.2965241e+00
   9.1752035e+00
   8.9904450e+00
   8.7428151e+00
   8.4375294e+00
   8.0847375e+00
   7.6983440e+00
   7.2945054e+00
   6.8920694e+00
   6.5076686e+00
   6.1544818e+00
   5.8430441e+00
   5.5812177e+00
   5.3744458e+00
   5.2307313e+00
   5.1497381e+00
   5.1291839e+00
   5.1679422e+00
   5.2635773e+00
   5.4120796e+00
   5.6077272e+00
   5.8448216e+00
