   2.0129557e+00
   2.2311992e+00
   2.4812683e+00
   2.7639760e+00
   3.0833481e+00
   3.4435930e+00
   3.8489344e+00
   4.3033481e+00
   4.8127899e+00
   5.3805833e+00
   6.0026491e+00
   6.6754591e+00
   7.3914378e+00
   8.1380720e+00
   8.8973248e+00
   9.6418437e+00
   1.0340220e+01
   1.0961116e+01
   1.1473342e+01
   1.1849196e+01
   1.2067350e+01
   1.2110842e+01
   1.1966595e+01
   1.1660951e+01
   1.1213611e+01
   1.0651321e+01
   1.0005107e+01
   9.3072459e+00
   8.5889122e+00
   7.8803937e+00
   7.2025288e+00
   6.5698442e+00
   5.9917575e+00
   5.4733894e+00
   5.0166030e+00
   4.6272282e+00
   4.2953508e+00
   4.0170436e+00
   3.7875998e+00
   3.6016889e+00
   3.4534251e+00
   3.3375655e+00
   3.2466633e+00
   3.1714816e+00
   3.1048878e+00
   3.0401746e+00
   2.9714609e+00
   2.8940605e+00
   2.8034793e+00
   2.6991504e+00
   2.5818199e+00
   2.4533790e+00
   2.3168039e+00
   2.1757461e+00
   2.0341809e+00
   1.8964620e+00
   1.7656446e+00
   1.6441097e+00
   1.5335326e+00
   1.4349476e+00
   1.3488595e+00
   1.2762609e+00
   1.2165502e+00
   1.1687394e+00
   1.1322712e+00
   1.1064805e+00
   1.0905871e+00
   1.0836876e+00
   1.0854026e+00
   1.0933467e+00
   1.1058991e+00
   1.1212325e+00
   1.1373893e+00
   1.1524025e+00
   1.1642241e+00
   1.1710947e+00
   1.1723126e+00
   1.1675283e+00
   1.1569933e+00
   1.1415315e+00
   1.1224536e+00
   1.1014150e+00
   1.0806193e+00
   1.0619114e+00
   1.0468934e+00
   1.0368446e+00
   1.0326429e+00
   1.0348842e+00
   1.0438739e+00
   1.0584191e+00
   1.0774664e+00
   1.0995840e+00
   1.1230528e+00
   1.1459977e+00
   1.1662496e+00
   1.1820211e+00
   1.1922300e+00
   1.1961952e+00
   1.1938157e+00
   1.1855762e+00
   1.1724838e+00
   1.1558107e+00
   1.1378487e+00
   1.1204326e+00
   1.1053179e+00
   1.0940760e+00
   1.0880370e+00
   1.0886367e+00
   1.0969545e+00
   1.1132085e+00
   1.1379544e+00
   1.1717136e+00
   1.2150261e+00
   1.2684956e+00
   1.3339562e+00
   1.4115514e+00
   1.5021265e+00
   1.6069522e+00
   1.7275327e+00
   1.8656335e+00
   2.0238977e+00
   2.2064443e+00
   2.4142907e+00
   2.6506024e+00
   2.9188955e+00
   3.2230052e+00
   3.5670134e+00
   3.9586571e+00
   4.4012025e+00
   4.8961655e+00
   5.4458971e+00
   6.0509697e+00
   6.7093296e+00
   7.4154684e+00
   8.1614609e+00
   8.9250074e+00
   9.6834401e+00
   1.0409191e+01
   1.1071378e+01
   1.1638218e+01
   1.2072380e+01
   1.2344304e+01
   1.2448240e+01
   1.2379762e+01
   1.2144818e+01
   1.1759109e+01
   1.1246448e+01
   1.0630024e+01
   9.9530511e+00
   9.2483475e+00
   8.5433364e+00
   7.8604272e+00
   7.2164652e+00
   6.6244952e+00
   6.0952641e+00
   5.6263674e+00
   5.2176304e+00
   4.8672838e+00
   4.5726387e+00
   4.3306001e+00
   4.1414652e+00
   4.0004434e+00
   3.9030691e+00
   3.8474827e+00
   3.8324024e+00
   3.8571594e+00
   3.9218889e+00
   4.0317349e+00
   4.1837169e+00
   4.3800148e+00
   4.6235143e+00
   4.9178126e+00
   5.2672094e+00
   5.6800182e+00
   6.1636647e+00
   6.7202168e+00
   7.3558087e+00
   8.0762134e+00
   8.8862214e+00
   9.7888058e+00
   1.0792702e+01
   1.1885151e+01
   1.3053199e+01
   1.4278895e+01
   1.5537189e+01
   1.6796532e+01
   1.8018523e+01
   1.9155790e+01
   2.0177408e+01
   2.1055934e+01
   2.1774338e+01
   2.2328018e+01
   2.2725283e+01
   2.2978295e+01
   2.3125295e+01
   2.3205572e+01
   2.3250501e+01
   2.3283984e+01
   2.3318421e+01
   2.3352517e+01
   2.3367016e+01
   2.3334455e+01
   2.3222486e+01
   2.2999402e+01
   2.2639179e+01
   2.2125482e+01
   2.1446616e+01
   2.0612904e+01
   1.9658924e+01
   1.8617989e+01
   1.7528727e+01
   1.6431105e+01
   1.5362784e+01
   1.4364986e+01
   1.3460113e+01
   1.2663645e+01
   1.1985622e+01
   1.1430308e+01
   1.0997078e+01
   1.0684217e+01
   1.0488171e+01
   1.0386010e+01
   1.0361969e+01
   1.0397616e+01
   1.0472561e+01
   1.0565552e+01
   1.0654301e+01
   1.0718631e+01
   1.0745591e+01
   1.0727424e+01
   1.0662412e+01
   1.0554878e+01
   1.0414491e+01
   1.0255261e+01
   1.0097440e+01
   9.9578125e+00
   9.8511167e+00
   9.7883956e+00
   9.7758006e+00
   9.8163031e+00
   9.9039033e+00
   1.0024051e+01
   1.0161930e+01
   1.0300897e+01
   1.0424441e+01
   1.0518140e+01
   1.0566838e+01
   1.0568753e+01
   1.0526393e+01
   1.0447009e+01
   1.0342403e+01
   1.0227425e+01
   1.0118692e+01
   1.0034037e+01
   9.9835646e+00
   9.9731897e+00
   1.0003150e+01
   1.0067985e+01
   1.0157251e+01
   1.0256412e+01
   1.0347149e+01
   1.0414175e+01
   1.0445465e+01
   1.0433420e+01
   1.0375787e+01
   1.0275719e+01
   1.0139725e+01
   9.9857524e+00
   9.8289621e+00
   9.6842161e+00
   9.5640246e+00
   9.4767960e+00
   9.4273517e+00
   9.4119493e+00
   9.4184125e+00
   9.4326074e+00
   9.4378286e+00
   9.4168255e+00
   9.3538738e+00
   9.2304670e+00
   9.0437223e+00
   8.7941985e+00
   8.4871061e+00
   8.1325899e+00
   7.7445498e+00
   7.3391401e+00
   6.9352081e+00
   6.5493762e+00
   6.1948199e+00
   5.8820711e+00
   5.6189888e+00
   5.4110135e+00
   5.2661489e+00
   5.1840544e+00
   5.1624433e+00
   5.2001869e+00
   5.2948475e+00
   5.4424136e+00
   5.6371616e+00
   5.8733947e+00
