   2.0110089e+00
   2.2292224e+00
   2.4792609e+00
   2.7619375e+00
   3.0812777e+00
   3.4414901e+00
   3.8467983e+00
   4.3011782e+00
   4.8105854e+00
   5.3783434e+00
   6.0003730e+00
   6.6731462e+00
   7.3890871e+00
   8.1356829e+00
   8.8948963e+00
   9.6393750e+00
   1.0337710e+01
   1.0958564e+01
   1.1470747e+01
   1.1846557e+01
   1.2064667e+01
   1.2108112e+01
   1.1963818e+01
   1.1658126e+01
   1.1210737e+01
   1.0648396e+01
   1.0002131e+01
   9.3042169e+00
   8.5858290e+00
   7.8772551e+00
   7.1993335e+00
   6.5665909e+00
   5.9884447e+00
   5.4700156e+00
   5.0131669e+00
   4.6237280e+00
   4.2917849e+00
   4.0134104e+00
   3.7838976e+00
   3.5979160e+00
   3.4495798e+00
   3.3336458e+00
   3.2426671e+00
   3.1674071e+00
   3.1007328e+00
   3.0359371e+00
   2.9671388e+00
   2.8896514e+00
   2.7989809e+00
   2.6945601e+00
   2.5771352e+00
   2.4485975e+00
   2.3119228e+00
   2.1707627e+00
   2.0290923e+00
   1.8912650e+00
   1.7603363e+00
   1.6386868e+00
   1.5279917e+00
   1.4292855e+00
   1.3430727e+00
   1.2703454e+00
   1.2105022e+00
   1.1625549e+00
   1.1259461e+00
   1.1000106e+00
   1.0839681e+00
   1.0769148e+00
   1.0784709e+00
   1.0862511e+00
   1.0986345e+00
   1.1137936e+00
   1.1297705e+00
   1.1445981e+00
   1.1562277e+00
   1.1628998e+00
   1.1639127e+00
   1.1589165e+00
   1.1481626e+00
   1.1324747e+00
   1.1131628e+00
   1.0918815e+00
   1.0708347e+00
   1.0518667e+00
   1.0365797e+00
   1.0262522e+00
   1.0217619e+00
   1.0237040e+00
   1.0323825e+00
   1.0466051e+00
   1.0653178e+00
   1.0870883e+00
   1.1101969e+00
   1.1327678e+00
   1.1526303e+00
   1.1679965e+00
   1.1777842e+00
   1.1813114e+00
   1.1784764e+00
   1.1697629e+00
   1.1561770e+00
   1.1389878e+00
   1.1204879e+00
   1.1025112e+00
   1.0868120e+00
   1.0749602e+00
   1.0682847e+00
   1.0682185e+00
   1.0758386e+00
   1.0913633e+00
   1.1153464e+00
   1.1483077e+00
   1.1907850e+00
   1.2433797e+00
   1.3079196e+00
   1.3845483e+00
   1.4741094e+00
   1.5778707e+00
   1.6973332e+00
   1.8342590e+00
   1.9912858e+00
   2.1725243e+00
   2.3789930e+00
   2.6138528e+00
   2.8806148e+00
   3.1831088e+00
   3.5254110e+00
   3.9152443e+00
   4.3558701e+00
   4.8488009e+00
   5.3963794e+00
   5.9991691e+00
   6.6551064e+00
   7.3586719e+00
   8.1019096e+00
   8.8625238e+00
   9.6178328e+00
   1.0340253e+01
   1.0998884e+01
   1.1561926e+01
   1.1992012e+01
   1.2259550e+01
   1.2358783e+01
   1.2285256e+01
   1.2044886e+01
   1.1653336e+01
   1.1134385e+01
   1.0511122e+01
   9.8267460e+00
   9.1140294e+00
   8.4003329e+00
   7.7079964e+00
   7.0537868e+00
   6.4506335e+00
   5.9091070e+00
   5.4267695e+00
   5.0033157e+00
   4.6368279e+00
   4.3244493e+00
   4.0628939e+00
   3.8520749e+00
   3.6869769e+00
   3.5629276e+00
   3.4777322e+00
   3.4297262e+00
   3.4178036e+00
   3.4415796e+00
   3.5050301e+00
   3.6049898e+00
   3.7428744e+00
   3.9207061e+00
   4.1411137e+00
   4.4073202e+00
   4.7258577e+00
   5.1025028e+00
   5.5386756e+00
   6.0391659e+00
   6.6084904e+00
   7.2503938e+00
   7.9671794e+00
   8.7658393e+00
   9.6360477e+00
   1.0567384e+01
   1.1545452e+01
   1.2550181e+01
   1.3556311e+01
   1.4533118e+01
   1.5442728e+01
   1.6260348e+01
   1.6964025e+01
   1.7540145e+01
   1.7985039e+01
   1.8305375e+01
   1.8510954e+01
   1.8632388e+01
   1.8701128e+01
   1.8742324e+01
   1.8775157e+01
   1.8809620e+01
   1.8844763e+01
   1.8865404e+01
   1.8849580e+01
   1.8771550e+01
   1.8606100e+01
   1.8332590e+01
   1.7938158e+01
   1.7413802e+01
   1.6768127e+01
   1.6028970e+01
   1.5223335e+01
   1.4382519e+01
   1.3538933e+01
   1.2723179e+01
   1.1969267e+01
   1.1295303e+01
   1.0714075e+01
   1.0234047e+01
   9.8589371e+00
   9.5883565e+00
   9.4209223e+00
   9.3534347e+00
   9.3657413e+00
   9.4434325e+00
   9.5694020e+00
   9.7245113e+00
   9.8886665e+00
   1.0040109e+01
   1.0159983e+01
   1.0236471e+01
   1.0262535e+01
   1.0237086e+01
   1.0165000e+01
   1.0056415e+01
   9.9254681e+00
   9.7931646e+00
   9.6765985e+00
   9.5907835e+00
   9.5470024e+00
   9.5516177e+00
   9.6077149e+00
   9.7094615e+00
   9.8425443e+00
   9.9922690e+00
   1.0142102e+01
   1.0275627e+01
   1.0378510e+01
   1.0435605e+01
   1.0445263e+01
   1.0410063e+01
   1.0337309e+01
   1.0238849e+01
   1.0129577e+01
   1.0026136e+01
   9.9463771e+00
   9.9004680e+00
   9.8943517e+00
   9.9282898e+00
   9.9968456e+00
   1.0089594e+01
   1.0192003e+01
   1.0285778e+01
   1.0355659e+01
   1.0389632e+01
   1.0380112e+01
   1.0324856e+01
   1.0227029e+01
   1.0093135e+01
   9.9411443e+00
   9.7862280e+00
   9.6432541e+00
   9.5247398e+00
   9.4390997e+00
   9.3911566e+00
   9.3771735e+00
   9.3849840e+00
   9.4004586e+00
   9.4068962e+00
   9.3870499e+00
   9.3251990e+00
   9.2028353e+00
   9.0170837e+00
   8.7685068e+00
   8.4623177e+00
   8.1086637e+00
   7.7214469e+00
   7.3168228e+00
   6.9136387e+00
   6.5285224e+00
   6.1746509e+00
   5.8625576e+00
   5.6001033e+00
   5.3927296e+00
   5.2484401e+00
   5.1668962e+00
   5.1458136e+00
   5.1840645e+00
   5.2792124e+00
   5.4272466e+00
   5.6224444e+00
   5.8591082e+00
