   7.5000000e-01
   7.6153846e-01
   7.7307692e-01
   7.8461538e-01
   7.9615385e-01
   8.0769231e-01
   8.1923077e-01
   8.3076923e-01
   8.4230769e-01
   8.5384615e-01
   8.6538462e-01
   8.7692308e-01
   8.8846154e-01
   9.0000000e-01
   9.1153846e-01
   9.2307692e-01
   9.3461538e-01
   9.4615385e-01
   9.5769231e-01
   9.6923077e-01
   9.8076923e-01
   9.9230769e-01
   1.0038462e+00
   1.0153846e+00
   1.0269231e+00
   1.0384615e+00
   1.0500000e+00
   1.0615385e+00
   1.0730769e+00
   1.0846154e+00
   1.0961538e+00
   1.1076923e+00
   1.1192308e+00
   1.1307692e+00
   1.1423077e+00
   1.1538462e+00
   1.1653846e+00
   1.1769231e+00
   1.1884615e+00
   1.2000000e+00
   1.2115385e+00
   1.2230769e+00
   1.2346154e+00
   1.2461538e+00
   1.2576923e+00
   1.2692308e+00
   1.2807692e+00
   1.2923077e+00
   1.3038462e+00
   1.3153846e+00
   1.3269231e+00
   1.3384615e+00
   1.3500000e+00
   1.3615385e+00
   1.3730769e+00
   1.3846154e+00
   1.3961538e+00
   1.4076923e+00
   1.4192308e+00
   1.4307692e+00
   1.4423077e+00
   1.4538462e+00
   1.4653846e+00
   1.4769231e+00
   1.4884615e+00
   1.5000000e+00
   1.5115385e+00
   1.5230769e+00
   1.5346154e+00
   1.5461538e+00
   1.5576923e+00
   1.5692308e+00
   1.5807692e+00
   1.5923077e+00
   1.6038462e+00
   1.6153846e+00
   1.6269231e+00
   1.6384615e+00
   1.6500000e+00
   1.6615385e+00
   1.6730769e+00
   1.6846154e+00
   1.6961538e+00
   1.7076923e+00
   1.7192308e+00
   1.7307692e+00
   1.7423077e+00
   1.7538462e+00
   1.7653846e+00
   1.7769231e+00
   1.7884615e+00
   1.8000000e+00
   1.8115385e+00
   1.8230769e+00
   1.8346154e+00
   1.8461538e+00
   1.8576923e+00
   1.8692308e+00
   1.8807692e+00
   1.8923077e+00
   1.9038462e+00
   1.9153846e+00
   1.9269231e+00
   1.9384615e+00
   1.9500000e+00
   1.9615385e+00
   1.9730769e+00
   1.9846154e+00
   1.9961538e+00
   2.0076923e+00
   2.0192308e+00
   2.0307692e+00
   2.0423077e+00
   2.0538462e+00
   2.0653846e+00
   2.0769231e+00
   2.0884615e+00
   2.1000000e+00
   2.1115385e+00
   2.1230769e+00
   2.1346154e+00
   2.1461538e+00
   2.1576923e+00
   2.1692308e+00
   2.1807692e+00
   2.1923077e+00
   2.2038462e+00
   2.2153846e+00
   2.2269231e+00
   2.2384615e+00
   2.2500000e+00
   2.2615385e+00
   2.2730769e+00
   2.2846154e+00
   2.2961538e+00
   2.3076923e+00
   2.3192308e+00
   2.3307692e+00
   2.3423077e+00
   2.3538462e+00
   2.3653846e+00
   2.3769231e+00
   2.3884615e+00
   2.4000000e+00
   2.4115385e+00
   2.4230769e+00
   2.4346154e+00
   2.4461538e+00
   2.4576923e+00
   2.4692308e+00
   2.4807692e+00
   2.4923077e+00
   2.5038462e+00
   2.5153846e+00
   2.5269231e+00
   2.5384615e+00
   2.5500000e+00
   2.5615385e+00
   2.5730769e+00
   2.5846154e+00
   2.5961538e+00
   2.6076923e+00
   2.6192308e+00
   2.6307692e+00
   2.6423077e+00
   2.6538462e+00
   2.6653846e+00
   2.6769231e+00
   2.6884615e+00
   2.7000000e+00
   2.7115385e+00
   2.7230769e+00
   2.7346154e+00
   2.7461538e+00
   2.7576923e+00
   2.7692308e+00
   2.7807692e+00
   2.7923077e+00
   2.8038462e+00
   2.8153846e+00
   2.8269231e+00
   2.8384615e+00
   2.8500000e+00
   2.8615385e+00
   2.8730769e+00
   2.8846154e+00
   2.8961538e+00
   2.9076923e+00
   2.9192308e+00
   2.9307692e+00
   2.9423077e+00
   2.9538462e+00
   2.9653846e+00
   2.9769231e+00
   2.9884615e+00
   3.0000000e+00
   3.0115385e+00
   3.0230769e+00
   3.0346154e+00
   3.0461538e+00
   3.0576923e+00
   3.0692308e+00
   3.0807692e+00
   3.0923077e+00
   3.1038462e+00
   3.1153846e+00
   3.1269231e+00
   3.1384615e+00
   3.1500000e+00
   3.1615385e+00
   3.1730769e+00
   3.1846154e+00
   3.1961538e+00
   3.2076923e+00
   3.2192308e+00
   3.2307692e+00
   3.2423077e+00
   3.2538462e+00
   3.2653846e+00
   3.2769231e+00
   3.2884615e+00
   3.3000000e+00
   3.3115385e+00
   3.3230769e+00
   3.3346154e+00
   3.3461538e+00
   3.3576923e+00
   3.3692308e+00
   3.3807692e+00
   3.3923077e+00
   3.4038462e+00
   3.4153846e+00
   3.4269231e+00
   3.4384615e+00
   3.4500000e+00
   3.4615385e+00
   3.4730769e+00
   3.4846154e+00
   3.4961538e+00
   3.5076923e+00
   3.5192308e+00
   3.5307692e+00
   3.5423077e+00
   3.5538462e+00
   3.5653846e+00
   3.5769231e+00
   3.5884615e+00
   3.6000000e+00
   3.6115385e+00
   3.6230769e+00
   3.6346154e+00
   3.6461538e+00
   3.6576923e+00
   3.6692308e+00
   3.6807692e+00
   3.6923077e+00
   3.7038462e+00
   3.7153846e+00
   3.7269231e+00
   3.7384615e+00
   3.7500000e+00
   3.7615385e+00
   3.7730769e+00
   3.7846154e+00
   3.7961538e+00
   3.8076923e+00
   3.8192308e+00
   3.8307692e+00
   3.8423077e+00
   3.8538462e+00
   3.8653846e+00
   3.8769231e+00
   3.8884615e+00
   3.9000000e+00
   3.9115385e+00
   3.9230769e+00
   3.9346154e+00
   3.9461538e+00
   3.9576923e+00
   3.9692308e+00
   3.9807692e+00
   3.9923077e+00
   4.0038462e+00
   4.0153846e+00
   4.0269231e+00
   4.0384615e+00
   4.0500000e+00
   4.0615385e+00
   4.0730769e+00
   4.0846154e+00
   4.0961538e+00
   4.1076923e+00
   4.1192308e+00
   4.1307692e+00
   4.1423077e+00
   4.1538462e+00
   4.1653846e+00
   4.1769231e+00
   4.1884615e+00
   4.2000000e+00
