   0.0000000e+00   3.0775523e-03
   1.0000000e-02   3.1593686e-03
   2.0000000e-02   3.2443365e-03
   3.0000000e-02   3.3326131e-03
   4.0000000e-02   3.4243653e-03
   5.0000000e-02   3.5197701e-03
   6.0000000e-02   3.6190155e-03
   7.0000000e-02   3.7223012e-03
   8.0000000e-02   3.8298398e-03
   9.0000000e-02   3.9418574e-03
   1.0000000e-01   4.0585947e-03
   1.1000000e-01   4.1803082e-03
   1.2000000e-01   4.3072713e-03
   1.3000000e-01   4.4397759e-03
   1.4000000e-01   4.5781334e-03
   1.5000000e-01   4.7226765e-03
   1.6000000e-01   4.8737612e-03
   1.7000000e-01   5.0317680e-03
   1.8000000e-01   5.1971047e-03
   1.9000000e-01   5.3702079e-03
   2.0000000e-01   5.5515461e-03
   2.1000000e-01   5.7416220e-03
   2.2000000e-01   5.9409756e-03
   2.3000000e-01   6.1501873e-03
   2.4000000e-01   6.3698816e-03
   2.5000000e-01   6.6007311e-03
   2.6000000e-01   6.8434606e-03
   2.7000000e-01   7.0988520e-03
   2.8000000e-01   7.3677495e-03
   2.9000000e-01   7.6510657e-03
   3.0000000e-01   7.9497875e-03
   3.1000000e-01   8.2649839e-03
   3.2000000e-01   8.5978134e-03
   3.3000000e-01   8.9495332e-03
   3.4000000e-01   9.3215086e-03
   3.5000000e-01   9.7152243e-03
   3.6000000e-01   1.0132297e-02
   3.7000000e-01   1.0574486e-02
   3.8000000e-01   1.1043715e-02
   3.9000000e-01   1.1542081e-02
   4.0000000e-01   1.2071879e-02
   4.1000000e-01   1.2635622e-02
   4.2000000e-01   1.3236064e-02
   4.3000000e-01   1.3876227e-02
   4.4000000e-01   1.4559433e-02
   4.5000000e-01   1.5289340e-02
   4.6000000e-01   1.6069974e-02
   4.7000000e-01   1.6905781e-02
   4.8000000e-01   1.7801672e-02
   4.9000000e-01   1.8763081e-02
   5.0000000e-01   1.9796031e-02
   5.1000000e-01   2.0907204e-02
   5.2000000e-01   2.2104028e-02
   5.3000000e-01   2.3394766e-02
   5.4000000e-01   2.4788635e-02
   5.5000000e-01   2.6295921e-02
   5.6000000e-01   2.7928125e-02
   5.7000000e-01   2.9698128e-02
   5.8000000e-01   3.1620375e-02
   5.9000000e-01   3.3711095e-02
   6.0000000e-01   3.5988542e-02
   6.1000000e-01   3.8473284e-02
   6.2000000e-01   4.1188526e-02
   6.3000000e-01   4.4160490e-02
   6.4000000e-01   4.7418838e-02
   6.5000000e-01   5.0997172e-02
   6.6000000e-01   5.4933593e-02
   6.7000000e-01   5.9271348e-02
   6.8000000e-01   6.4059558e-02
   6.9000000e-01   6.9354041e-02
   7.0000000e-01   7.5218237e-02
   7.1000000e-01   8.1724226e-02
   7.2000000e-01   8.8953848e-02
   7.3000000e-01   9.6999881e-02
   7.4000000e-01   1.0596728e-01
   7.5000000e-01   1.1597439e-01
   7.6000000e-01   1.2715401e-01
   7.7000000e-01   1.3965428e-01
   7.8000000e-01   1.5363893e-01
   7.9000000e-01   1.6928691e-01
   8.0000000e-01   1.8679062e-01
   8.1000000e-01   2.0635230e-01
   8.2000000e-01   2.2817788e-01
   8.3000000e-01   2.5246708e-01
   8.4000000e-01   2.7939890e-01
   8.5000000e-01   3.0911126e-01
   8.6000000e-01   3.4167389e-01
   8.7000000e-01   3.7705443e-01
   8.8000000e-01   4.1507886e-01
   8.9000000e-01   4.5538941e-01
   9.0000000e-01   4.9740599e-01
   9.1000000e-01   5.4029994e-01
   9.2000000e-01   5.8299014e-01
   9.3000000e-01   6.2417124e-01
   9.4000000e-01   6.6237863e-01
   9.5000000e-01   6.9608742e-01
   9.6000000e-01   7.2383422e-01
   9.7000000e-01   7.4434439e-01
   9.8000000e-01   7.5664676e-01
   9.9000000e-01   7.6016142e-01
   1.0000000e+00   7.5475194e-01
   1.0100000e+00   7.4073813e-01
   1.0200000e+00   7.1886874e-01
   1.0300000e+00   6.9025564e-01
   1.0400000e+00   6.5627506e-01
   1.0500000e+00   6.1844649e-01
   1.0600000e+00   5.7830547e-01
   1.0700000e+00   5.3728877e-01
   1.0800000e+00   4.9664718e-01
   1.0900000e+00   4.5739442e-01
   1.1000000e+00   4.2029163e-01
   1.1100000e+00   3.8586056e-01
   1.1200000e+00   3.5441513e-01
   1.1300000e+00   3.2610134e-01
   1.1400000e+00   3.0093767e-01
   1.1500000e+00   2.7885094e-01
   1.1600000e+00   2.5970500e-01
   1.1700000e+00   2.4332170e-01
   1.1800000e+00   2.2949447e-01
   1.1900000e+00   2.1799571e-01
   1.2000000e+00   2.0857957e-01
   1.2100000e+00   2.0098197e-01
   1.2200000e+00   1.9491991e-01
   1.2300000e+00   1.9009217e-01
   1.2400000e+00   1.8618321e-01
   1.2500000e+00   1.8287128e-01
   1.2600000e+00   1.7984067e-01
   1.2700000e+00   1.7679683e-01
   1.2800000e+00   1.7348212e-01
   1.2900000e+00   1.6968987e-01
   1.3000000e+00   1.6527498e-01
   1.3100000e+00   1.6015974e-01
   1.3200000e+00   1.5433464e-01
   1.3300000e+00   1.4785382e-01
   1.3400000e+00   1.4082551e-01
   1.3500000e+00   1.3339822e-01
   1.3600000e+00   1.2574395e-01
   1.3700000e+00   1.1804078e-01
   1.3800000e+00   1.1045708e-01
   1.3900000e+00   1.0313950e-01
   1.4000000e+00   9.6205849e-02
   1.4100000e+00   8.9742786e-02
   1.4200000e+00   8.3807315e-02
   1.4300000e+00   7.8430832e-02
   1.4400000e+00   7.3624295e-02
   1.4500000e+00   6.9383487e-02
   1.4600000e+00   6.5693684e-02
   1.4700000e+00   6.2533372e-02
   1.4800000e+00   5.9876895e-02
   1.4900000e+00   5.7696050e-02
   1.5000000e+00   5.5960739e-02
   1.5100000e+00   5.4638819e-02
   1.5200000e+00   5.3695324e-02
   1.5300000e+00   5.3091304e-02
   1.5400000e+00   5.2782585e-02
   1.5500000e+00   5.2718825e-02
   1.5600000e+00   5.2843296e-02
   1.5700000e+00   5.3093745e-02
   1.5800000e+00   5.3404565e-02
   1.5900000e+00   5.3710151e-02
   1.6000000e+00   5.3949089e-02
   1.6100000e+00   5.4068542e-02
   1.6200000e+00   5.4028209e-02
   1.6300000e+00   5.3803341e-02
   1.6400000e+00   5.3386496e-02
   1.6500000e+00   5.2787898e-02
   1.6600000e+00   5.2034364e-02
   1.6700000e+00   5.1166832e-02
   1.6800000e+00   5.0236690e-02
   1.6900000e+00   4.9301229e-02
   1.7000000e+00   4.8418798e-02
   1.7100000e+00   4.7644247e-02
   1.7200000e+00   4.7025196e-02
   1.7300000e+00   4.6599357e-02
   1.7400000e+00   4.6392904e-02
   1.7500000e+00   4.6419627e-02
   1.7600000e+00   4.6680597e-02
   1.7700000e+00   4.7164119e-02
   1.7800000e+00   4.7845980e-02
   1.7900000e+00   4.8690116e-02
   1.8000000e+00   4.9650026e-02
   1.8100000e+00   5.0671162e-02
   1.8200000e+00   5.1694407e-02
   1.8300000e+00   5.2660448e-02
   1.8400000e+00   5.3514574e-02
   1.8500000e+00   5.4211307e-02
   1.8600000e+00   5.4718271e-02
   1.8700000e+00   5.5018914e-02
   1.8800000e+00   5.5113851e-02
   1.8900000e+00   5.5020779e-02
   1.9000000e+00   5.4772962e-02
   1.9100000e+00   5.4416413e-02
   1.9200000e+00   5.4006040e-02
   1.9300000e+00   5.3601216e-02
   1.9400000e+00   5.3261412e-02
   1.9500000e+00   5.3042539e-02
   1.9600000e+00   5.2994435e-02
   1.9700000e+00   5.3159707e-02
   1.9800000e+00   5.3573790e-02
   1.9900000e+00   5.4265918e-02
   2.0000000e+00   5.5260650e-02
   2.0100000e+00   5.6579626e-02
   2.0200000e+00   5.8243318e-02
   2.0300000e+00   6.0272645e-02
   2.0400000e+00   6.2690409e-02
   2.0500000e+00   6.5522558e-02
   2.0600000e+00   6.8799296e-02
   2.0700000e+00   7.2556105e-02
   2.0800000e+00   7.6834712e-02
   2.0900000e+00   8.1684053e-02
   2.1000000e+00   8.7161263e-02
   2.1100000e+00   9.3332717e-02
   2.1200000e+00   1.0027513e-01
   2.1300000e+00   1.0807673e-01
   2.1400000e+00   1.1683840e-01
   2.1500000e+00   1.2667489e-01
   2.1600000e+00   1.3771586e-01
   2.1700000e+00   1.5010661e-01
   2.1800000e+00   1.6400842e-01
   2.1900000e+00   1.7959805e-01
   2.2000000e+00   1.9706592e-01
   2.2100000e+00   2.1661256e-01
   2.2200000e+00   2.3844232e-01
   2.2300000e+00   2.6275351e-01
   2.2400000e+00   2.8972382e-01
   2.2500000e+00   3.1948995e-01
   2.2600000e+00   3.5212048e-01
   2.2700000e+00   3.8758196e-01
   2.2800000e+00   4.2569925e-01
   2.2900000e+00   4.6611346e-01
   2.3000000e+00   5.0824337e-01
   2.3100000e+00   5.5125907e-01
   2.3200000e+00   5.9407815e-01
   2.3300000e+00   6.3539378e-01
   2.3400000e+00   6.7373970e-01
   2.3500000e+00   7.0758920e-01
   2.3600000e+00   7.3547675e-01
   2.3700000e+00   7.5612526e-01
   2.3800000e+00   7.6856075e-01
   2.3900000e+00   7.7220003e-01
   2.4000000e+00   7.6690285e-01
   2.4100000e+00   7.5298459e-01
   2.4200000e+00   7.3118883e-01
   2.4300000e+00   7.0262151e-01
   2.4400000e+00   6.6865194e-01
   2.4500000e+00   6.3079170e-01
   2.4600000e+00   5.9056732e-01
   2.4700000e+00   5.4940533e-01
   2.4800000e+00   5.0854512e-01
   2.4900000e+00   4.6898783e-01
   2.5000000e+00   4.3148109e-01
   2.5100000e+00   3.9653252e-01
   2.5200000e+00   3.6444195e-01
   2.5300000e+00   3.3534232e-01
   2.5400000e+00   3.0924164e-01
   2.5500000e+00   2.8606093e-01
   2.5600000e+00   2.6566603e-01
   2.5700000e+00   2.4789235e-01
   2.5800000e+00   2.3256341e-01
   2.5900000e+00   2.1950391e-01
   2.6000000e+00   2.0854854e-01
   2.6100000e+00   1.9954774e-01
   2.6200000e+00   1.9237106e-01
   2.6300000e+00   1.8690912e-01
   2.6400000e+00   1.8307448e-01
   2.6500000e+00   1.8080201e-01
   2.6600000e+00   1.8004894e-01
   2.6700000e+00   1.8079477e-01
   2.6800000e+00   1.8304128e-01
   2.6900000e+00   1.8681252e-01
   2.7000000e+00   1.9215495e-01
   2.7100000e+00   1.9913755e-01
   2.7200000e+00   2.0785197e-01
   2.7300000e+00   2.1841232e-01
   2.7400000e+00   2.3095451e-01
   2.7500000e+00   2.4563477e-01
   2.7600000e+00   2.6262673e-01
   2.7700000e+00   2.8211646e-01
   2.7800000e+00   3.0429458e-01
   2.7900000e+00   3.2934440e-01
   2.8000000e+00   3.5742501e-01
   2.8100000e+00   3.8864812e-01
   2.8200000e+00   4.2304824e-01
   2.8300000e+00   4.6054616e-01
   2.8400000e+00   5.0090799e-01
   2.8500000e+00   5.4370369e-01
   2.8600000e+00   5.8827251e-01
   2.8700000e+00   6.3370465e-01
   2.8800000e+00   6.7884966e-01
   2.8900000e+00   7.2235955e-01
   2.9000000e+00   7.6276876e-01
   2.9100000e+00   7.9860464e-01
   2.9200000e+00   8.2851440e-01
   2.9300000e+00   8.5139016e-01
   2.9400000e+00   8.6647532e-01
   2.9500000e+00   8.7343984e-01
   2.9600000e+00   8.7241803e-01
   2.9700000e+00   8.6400641e-01
   2.9800000e+00   8.4922184e-01
   2.9900000e+00   8.2942265e-01
   3.0000000e+00   8.0620023e-01
   3.0100000e+00   7.8125371e-01
   3.0200000e+00   7.5626538e-01
   3.0300000e+00   7.3279401e-01
   3.0400000e+00   7.1219861e-01
   3.0500000e+00   6.9559675e-01
   3.0600000e+00   6.8385309e-01
   3.0700000e+00   6.7758842e-01
   3.0800000e+00   6.7719759e-01
   3.0900000e+00   6.8286634e-01
   3.1000000e+00   6.9457985e-01
   3.1100000e+00   7.1212028e-01
   3.1200000e+00   7.3505423e-01
   3.1300000e+00   7.6271573e-01
   3.1400000e+00   7.9419338e-01
   3.1500000e+00   8.2833322e-01
   3.1600000e+00   8.6376797e-01
   3.1700000e+00   8.9898000e-01
   3.1800000e+00   9.3239735e-01
   3.1900000e+00   9.6251405e-01
   3.2000000e+00   9.8801831e-01
   3.2100000e+00   1.0079107e+00
   3.2200000e+00   1.0215964e+00
   3.2300000e+00   1.0289425e+00
   3.2400000e+00   1.0302933e+00
   3.2500000e+00   1.0264440e+00
   3.2600000e+00   1.0185707e+00
   3.2700000e+00   1.0081226e+00
   3.2800000e+00   9.9668215e-01
   3.2900000e+00   9.8581000e-01
   3.3000000e+00   9.7689152e-01
   3.3100000e+00   9.7100284e-01
   3.3200000e+00   9.6880977e-01
   3.3300000e+00   9.7050674e-01
   3.3400000e+00   9.7579861e-01
   3.3500000e+00   9.8392589e-01
   3.3600000e+00   9.9373251e-01
   3.3700000e+00   1.0037728e+00
   3.3800000e+00   1.0124496e+00
   3.3900000e+00   1.0181687e+00
   3.4000000e+00   1.0194923e+00
   3.4100000e+00   1.0152737e+00
   3.4200000e+00   1.0047590e+00
   3.4300000e+00   9.8764899e-01
   3.4400000e+00   9.6411824e-01
   3.4500000e+00   9.3479192e-01
   3.4600000e+00   9.0068223e-01
   3.4700000e+00   8.6309083e-01
   3.4800000e+00   8.2348834e-01
   3.4900000e+00   7.8338734e-01
   3.5000000e+00   7.4422734e-01
   3.5100000e+00   7.0728729e-01
   3.5200000e+00   6.7363388e-01
   3.5300000e+00   6.4410499e-01
   3.5400000e+00   6.1932110e-01
   3.5500000e+00   5.9971397e-01
   3.5600000e+00   5.8556198e-01
   3.5700000e+00   5.7702351e-01
   3.5800000e+00   5.7416255e-01
   3.5900000e+00   5.7696276e-01
   3.6000000e+00   5.8532860e-01
   3.6100000e+00   5.9907321e-01
   3.6200000e+00   6.1789433e-01
   3.6300000e+00   6.4134139e-01
   3.6400000e+00   6.6877889e-01
   3.6500000e+00   6.9935435e-01
   3.6600000e+00   7.3198089e-01
   3.6700000e+00   7.6534540e-01
   3.6800000e+00   7.9795079e-01
   3.6900000e+00   8.2819464e-01
   3.7000000e+00   8.5447816e-01
   3.7100000e+00   8.7533144e-01
   3.7200000e+00   8.8953697e-01
   3.7300000e+00   8.9623424e-01
   3.7400000e+00   8.9499354e-01
   3.7500000e+00   8.8585231e-01
   3.7600000e+00   8.6931166e-01
   3.7700000e+00   8.4629337e-01
   3.7800000e+00   8.1806024e-01
   3.7900000e+00   7.8610708e-01
   3.8000000e+00   7.5203554e-01
   3.8100000e+00   7.1743032e-01
   3.8200000e+00   6.8375433e-01
   3.8300000e+00   6.5227587e-01
   3.8400000e+00   6.2403224e-01
   3.8500000e+00   5.9982629e-01
   3.8600000e+00   5.8024654e-01
   3.8700000e+00   5.6570011e-01
   3.8800000e+00   5.5644823e-01
   3.8900000e+00   5.5263685e-01
   3.9000000e+00   5.5431751e-01
   3.9100000e+00   5.6145551e-01
   3.9200000e+00   5.7392475e-01
   3.9300000e+00   5.9148961e-01
   3.9400000e+00   6.1377621e-01
   3.9500000e+00   6.4023738e-01
   3.9600000e+00   6.7011836e-01
   3.9700000e+00   7.0243266e-01
   3.9800000e+00   7.3595916e-01
   3.9900000e+00   7.6927028e-01
   4.0000000e+00   8.0079653e-01
   4.0100000e+00   8.2892468e-01
   4.0200000e+00   8.5211871e-01
   4.0300000e+00   8.6904626e-01
   4.0400000e+00   8.7869258e-01
   4.0500000e+00   8.8044776e-01
   4.0600000e+00   8.7415849e-01
   4.0700000e+00   8.6014062e-01
   4.0800000e+00   8.3915173e-01
   4.0900000e+00   8.1232554e-01
   4.1000000e+00   7.8107336e-01
   4.1100000e+00   7.4696344e-01
   4.1200000e+00   7.1159438e-01
   4.1300000e+00   6.7648078e-01
   4.1400000e+00   6.4296669e-01
   4.1500000e+00   6.1217479e-01
   4.1600000e+00   5.8499091e-01
   4.1700000e+00   5.6207646e-01
   4.1800000e+00   5.4389819e-01
   4.1900000e+00   5.3076472e-01
   4.2000000e+00   5.2286117e-01
   4.2100000e+00   5.2027610e-01
   4.2200000e+00   5.2301721e-01
   4.2300000e+00   5.3101406e-01
   4.2400000e+00   5.4410762e-01
   4.2500000e+00   5.6202763e-01
   4.2600000e+00   5.8436048e-01
   4.2700000e+00   6.1051229e-01
   4.2800000e+00   6.3967481e-01
   4.2900000e+00   6.7080385e-01
   4.3000000e+00   7.0262127e-01
   4.3100000e+00   7.3364967e-01
   4.3200000e+00   7.6228368e-01
   4.3300000e+00   7.8689342e-01
   4.3400000e+00   8.0594751e-01
   4.3500000e+00   8.1813788e-01
   4.3600000e+00   8.2248885e-01
   4.3700000e+00   8.1843706e-01
   4.3800000e+00   8.0587489e-01
   4.3900000e+00   7.8515420e-01
   4.4000000e+00   7.5705010e-01
   4.4100000e+00   7.2268715e-01
   4.4200000e+00   6.8343426e-01
   4.4300000e+00   6.4078023e-01
   4.4400000e+00   5.9620697e-01
   4.4500000e+00   5.5107854e-01
   4.4600000e+00   5.0656034e-01
   4.4700000e+00   4.6357505e-01
   4.4800000e+00   4.2279346e-01
   4.4900000e+00   3.8465214e-01
   4.5000000e+00   3.4938781e-01
   4.5100000e+00   3.1707858e-01
   4.5200000e+00   2.8768505e-01
   4.5300000e+00   2.6108680e-01
   4.5400000e+00   2.3711234e-01
   4.5500000e+00   2.1556216e-01
   4.5600000e+00   1.9622562e-01
   4.5700000e+00   1.7889256e-01
   4.5800000e+00   1.6336091e-01
   4.5900000e+00   1.4944123e-01
   4.6000000e+00   1.3695911e-01
   4.6100000e+00   1.2575606e-01
   4.6200000e+00   1.1568945e-01
   4.6300000e+00   1.0663180e-01
   4.6400000e+00   9.8469798e-02
   4.6500000e+00   9.1103033e-02
   4.6600000e+00   8.4442799e-02
   4.6700000e+00   7.8410838e-02
   4.6800000e+00   7.2938175e-02
   4.6900000e+00   6.7964042e-02
   4.7000000e+00   6.3434896e-02
   4.7100000e+00   5.9303543e-02
   4.7200000e+00   5.5528351e-02
   4.7300000e+00   5.2072566e-02
   4.7400000e+00   4.8903701e-02
   4.7500000e+00   4.5993006e-02
   4.7600000e+00   4.3315005e-02
   4.7700000e+00   4.0847091e-02
   4.7800000e+00   3.8569171e-02
   4.7900000e+00   3.6463360e-02
   4.8000000e+00   3.4513715e-02
   4.8100000e+00   3.2706001e-02
   4.8200000e+00   3.1027485e-02
   4.8300000e+00   2.9466763e-02
   4.8400000e+00   2.8013604e-02
   4.8500000e+00   2.6658813e-02
   4.8600000e+00   2.5394117e-02
   4.8700000e+00   2.4212055e-02
   4.8800000e+00   2.3105895e-02
   4.8900000e+00   2.2069549e-02
   4.9000000e+00   2.1097503e-02
   4.9100000e+00   2.0184759e-02
   4.9200000e+00   1.9326776e-02
   4.9300000e+00   1.8519427e-02
   4.9400000e+00   1.7758952e-02
   4.9500000e+00   1.7041923e-02
   4.9600000e+00   1.6365208e-02
   4.9700000e+00   1.5725947e-02
   4.9800000e+00   1.5121519e-02
   4.9900000e+00   1.4549522e-02
   5.0000000e+00   1.4007752e-02
